First column: sensitivity (this is what you should copy to your options file)
Second column: minimum angle increment
Third column: maximum angle before massive floating point rounding errors occur (bigger=better)
Fourth column: A measure of resistance to floating point rounding errors for angles less than the maximum in column 3 (bigger=better). Note that all sensitivities listed here are very resistant to floating point rounding errors for angles less than the maximum in column 3, so the fourth column should only be used as a tiebreaker when deciding which sensitivity to use.

0.004676729 0.01000976552337975 4096 5
0.0046767294 0.010009765564749765 4096 8
0.00467673 0.010009765606119778 4096 25
0.0046767304 0.010009765647489795 4096 21
0.004676731 0.010009765688859808 4096 8
0.0046767313 0.010009765730229823 4096 5
0.0060452055 0.01013183582233587 2048 5
0.006045206 0.010131835864041549 2048 7
0.0060452064 0.010131835905747224 2048 15
0.006045207 0.010131835947452901 2048 47
0.0060452074 0.010131835989158575 2048 10
0.006045208 0.010131836030864254 2048 5
0.0074027344 0.01025390615808406 8192 6
0.007402735 0.010253906200124053 8192 10
0.0074027353 0.010253906242164044 8192 60
0.0074027358 0.010253906284204039 8192 14
0.007402736 0.010253906326244032 8192 7
0.008749532 0.01037597650347694 2048 8
0.0087495325 0.010375976588222908 2048 19
0.008749533 0.010375976672968879 2048 5
0.010085806 0.010498046810048275 4096 8
0.010085807 0.010498046895457623 4096 23
0.010085808 0.010498046980866971 4096 5
0.011411762 0.010620117109792918 2048 6
0.011411763 0.010620117195863074 2048 56
0.011411764 0.010620117281933234 2048 5
0.012727596 0.01074218744963444 16384 10
0.012727597 0.010742187536362883 16384 13
0.014033498 0.010864257736704328 2048 7
0.014033499 0.010864257824088569 2048 41
0.0140335 0.010864257911472809 2048 5
0.015329655 0.010986328062129966 4096 8
0.015329656 0.010986328150167549 4096 19
0.015329657 0.010986328238205133 4096 5
0.016616246 0.011108398331173016 2048 5
0.016616248 0.011108398508550039 2048 7
0.017893447 0.011230468771264174 8192 22
0.019161424 0.01135253902380279 2048 13
0.020420345 0.011474609372397472 4096 179
0.021670368 0.011596679652382648 2048 14
0.02291165 0.011718749952352192 65536 10
0.02414434 0.011840820236028117 2048 7
0.024144342 0.011840820421118671 2048 5
0.02536859 0.011962890694359333 4096 7
0.026584538 0.012084960987210519 2048 10
0.027792323 0.012207031154795428 8192 5
0.027792325 0.012207031343682877 8192 5
0.028992087 0.012329101616385991 2048 9
0.030183954 0.012451171829205592 4096 11
0.03136806 0.012573242169830044 2048 27
0.032544523 0.012695312594526106 16384 5
0.034875017 0.012939453030821285 4096 5
0.036029283 0.013061523408543335 2048 17
0.038316417 0.013305664170005092 2048 5
0.0394495 0.013427734354150643 4096 23
0.048276022 0.014404296761685151 4096 5
0.049350984 0.01452636715658351 2048 16
0.05041994 0.01464843758474699 16384 6
0.051482975 0.014770507905845985 2048 5
0.05254017 0.014892578188120231 4096 8
0.054637346 0.015136718640409635 8192 5
0.05567749 0.015258789093665778 2048 15
0.058765005 0.015625000070380216 262144 7
0.059783448 0.01574707043355249 2048 8
0.060796637 0.015869140446818728 4096 6
0.06180465 0.015991210999846447 2048 15
0.06380538 0.016235351352951705 2048 5
0.06676921 0.016601562560083702 16384 16
0.06968977 0.01696777358699439 2048 7
0.070653945 0.017089843699915633 8192 19
0.0735192 0.01745605478957246 2048 10
0.07446537 0.01757812503956477 32768 24
0.076344654 0.017822265545501828 4096 12
0.07820685 0.018066406154956798 8192 10
0.08459541 0.01892089835539819 2048 12
0.08638528 0.01916503916298876 2048 10
0.08816001 0.019409179582086992 2048 9
0.08991992 0.019653320209211147 2048 10
0.09166531 0.019897461032474605 2048 10
0.09253266 0.020019531045819834 8192 5
0.093396485 0.020141601339569826 2048 5
0.09596721 0.02050781262606313 16384 8
0.09850751 0.020874023395771317 2048 23
0.102676116 0.02148437522020822 32768 5
0.10432145 0.02172851582229747 4096 5
0.105954506 0.021972656475458405 8192 5
0.1067665 0.02209472677939733 2048 5
0.107575506 0.02221679672146372 4096 7
0.11078223 0.022705077981873264 4096 7
0.11157671 0.022827148495445582 2048 17
0.1139433 0.023193359471099902 4096 10
0.11706031 0.023681640588373135 4096 26
0.11860277 0.023925781284276148 8192 28
0.1208969 0.02429199213771476 2048 19
0.12241354 0.024536132838900066 2048 36
0.12316809 0.024658203302959814 4096 6
0.12392015 0.024780273390186642 2048 20
0.13491601 0.026611328128432556 4096 272
0.13987514 0.027465820296519856 2048 59
0.14335474 0.02807617202735023 4096 7
0.15613522 0.03039550774999727 2048 15
0.15678959 0.030517577895198045 4096 5
0.16450933 0.03198242215271648 4096 7
0.16514191 0.032104492588042086 2048 5
0.16640228 0.03234863271729547 2048 20
0.168281 0.03271484376140678 8192 164
0.16890413 0.032836913647742376 2048 5
0.17076428 0.03320312477211624 32768 9
0.1713813 0.03332519532748139 2048 125
0.1719968 0.03344726586253151 4096 8
0.17444396 0.03393554725065041 4096 5
0.17505208 0.034057617423402825 2048 8
0.17686775 0.03442382818702214 4096 31
0.17747012 0.034545898790379274 2048 6
0.1786706 0.034790039358229434 2048 7
0.17926873 0.034912108985222366 4096 5
0.17986548 0.035034180007461835 2048 6
0.18223868 0.03552246048018109 2048 5
0.18341714 0.035766601917822154 2048 6
0.18517481 0.036132812500844665 16384 2206
0.19037758 0.037231445322302846 2048 191
0.19208907 0.037597656703119924 8192 5
0.19659935 0.03857421908853167 8192 6
0.197715 0.03881835947662623 4096 19
0.2021314 0.03979492222310296 4096 6
0.20431255 0.04028320334831984 4096 9
0.20593686 0.04064941391121027 2048 13
0.20647614 0.04077148478410655 4096 5
0.20968936 0.04150390656568884 8192 6
0.21022122 0.04162597645304254 2048 18
0.2170426 0.04321289105700356 4096 5
0.21756035 0.04333496095205472 2048 128
0.21807714 0.04345703151426485 8192 8
0.21859296 0.04357910167114514 2048 18
0.22420442 0.044921874910784615 32768 21
0.22621721 0.04541015619534576 8192 35
0.2272182 0.04565429645648567 4096 5
0.22771735 0.04577636760694246 2048 5
0.23118684 0.04663085961027586 4096 8
0.231679 0.04675292972032431 2048 57
0.23266079 0.046997070222722 2048 21
0.24087174 0.049072265866713004 4096 8
0.24418545 0.04992675808040069 2048 7
0.24792656 0.05090332024931011 2048 30
0.24885435 0.05114746095249265 2048 125
0.2557204 0.0529785154099749 4096 9
0.25662386 0.05322265585631209 8192 5
0.2633133 0.05505371113371655 2048 10
0.26419395 0.055297851241217146 2048 6
0.27157694 0.05737304686236477 4096 148
0.27414015 0.05810546834455954 8192 5
0.27710348 0.058959961159408665 2048 9
0.27878398 0.05944824186778566 2048 6
0.2833584 0.06079101596442237 4096 6
0.28786594 0.06213378951775593 2048 5
0.29029727 0.06286621140362876 2048 8
0.2911035 0.06311035088336206 2048 6
0.29311007 0.0637207029479713 4096 22
0.29589784 0.06457519490543555 2048 10
0.29708508 0.0649414069797067 8192 6
0.30372977 0.06701660079760496 2048 5
0.308338 0.06848144529983921 2048 295
0.3090996 0.06872558584987574 2048 43
0.31061748 0.06921386694561972 2048 16
0.31212822 0.06970214779571321 2048 6
0.3125048 0.06982421812794268 8192 6
0.31325665 0.07006835989043567 4096 8
0.31363192 0.07019043049511516 2048 5
0.31661853 0.07116699294567781 2048 5
0.31698993 0.07128906174658664 16384 5
0.3173609 0.07141113268401385 2048 29
0.3184713 0.07177734456608681 8192 5
0.32287553 0.07324218766889193 16384 23
0.32360384 0.07348632723482151 4096 5
0.3246933 0.07385253940311998 2048 11
0.328299 0.07507324127463162 2048 5
0.33044368 0.07580566454235069 2048 8
0.33434 0.07714843804565473 16384 7
0.3371454 0.07812500017976287 262144 21
0.33958098 0.07897949218064593 2048 544
0.3457643 0.08117675778315743 2048 127
0.34644443 0.08142089859985017 2048 23
0.34746206 0.08178710853407585 4096 5
0.3488142 0.08227539047721107 4096 26
0.35183704 0.08337402322143131 2048 18
0.35383755 0.08410644580198291 2048 8
0.35681665 0.08520507788674013 4096 16
0.3574752 0.08544921905516366 8192 13
0.35878852 0.08593750083054659 131072 5
0.3607492 0.08666992241333941 4096 7
0.36172542 0.08703613240705828 2048 10
0.36334637 0.08764648517723007 4096 5
0.3659243 0.08862304730328324 4096 9
0.36688614 0.08898925786800846 2048 68
0.36975592 0.09008789101211293 4096 10
0.3710239 0.09057617113428322 4096 6
0.37480068 0.09204101573284462 4096 35
0.37729633 0.09301757799517828 4096 29
0.37946573 0.09387206963114299 2048 6
0.37977457 0.09399414113561345 4096 8
0.38100725 0.09448242114105108 4096 6
0.3843754 0.09582519565890839 2048 11
0.3852885 0.09619140537417781 8192 5
0.38589597 0.09643554731561192 4096 9
0.3877122 0.09716796904616522 8192 13
0.39900824 0.10180664086568032 4096 16
0.40076026 0.10253906229312552 16384 19
0.40768608 0.10546875024502382 65536 16
0.40797186 0.10559081952223758 2048 5
0.40882787 0.10595703077407821 8192 8
0.40939745 0.10620117266202969 4096 5
0.4102502 0.10656738348048134 2048 6
0.410534 0.10668945249766265 4096 6
0.41166708 0.10717773464665747 4096 14
0.41336027 0.10791015677684411 8192 8
0.41364172 0.10803222733479968 2048 5
0.415326 0.10876464904673491 2048 7
0.41755998 0.10974121087821562 2048 63
0.42226356 0.11181640629713492 8192 80
0.4228131 0.1120605468420073 4096 113
0.42826495 0.11450195369837651 4096 7
0.429346 0.11499023497587622 4096 7
0.43149894 0.11596679622201433 4096 6
0.4328384 0.11657714850014181 2048 60
0.43337288 0.11682128839613172 2048 6
0.4365642 0.11828613229969807 2048 8
0.43788615 0.11889648366263429 4096 6
0.44104046 0.12036132769404587 4096 9
0.44182503 0.12072753964374061 2048 7
0.4423472 0.1209716795020161 2048 21
0.44649947 0.1229248052466187 2048 7
0.44804522 0.12365722675024755 2048 20
0.45086333 0.12499999858368568 2097152 6
0.45137355 0.12524414068386133 4096 127
0.4531541 0.1260986325899958 2048 34
0.4534078 0.1262207036416007 4096 15
0.45416793 0.12658691516643938 2048 7
0.45442098 0.12670898470731554 4096 23
0.4559359 0.12744140454383251 8192 5
0.45643958 0.12768554866554482 4096 5
0.45694262 0.12792968598860766 16384 5
0.45744503 0.12817382998689225 4096 5
0.4589484 0.12890624876782747 65536 7
0.45919842 0.12902831988686322 2048 18
0.45969796 0.1292724600845291 2048 9
0.46019688 0.12951660160846384 2048 163
0.46069518 0.1297607434961376 2048 6
0.4609441 0.12988281244807087 16384 144
0.4616899 0.1302490245125788 2048 7
0.4624343 0.13061523457406463 4096 38
0.4629298 0.1308593735408274 32768 6
0.46416584 0.13146972499866325 2048 5
0.46539807 0.13208007894002266 4096 10
0.46564406 0.1322021481503204 2048 26
0.4658899 0.13232421853506265 8192 35
0.4661356 0.13244628998077834 2048 9
0.46711683 0.13293456925567496 2048 8
0.4678512 0.13330078052526362 8192 11
0.4685842 0.13366699311896918 2048 8
0.4693159 0.13403320397298618 4096 9
0.4705324 0.1346435531924794 2048 5
0.47077525 0.13476562319112742 32768 5
0.47174522 0.13525390498634748 8192 6
0.47247118 0.13562011813175873 2048 8
0.47319582 0.13598632843520772 4096 25
0.47608146 0.13745117268131457 4096 10
0.47727776 0.13806152216982573 2048 6
0.4775166 0.1381835921222304 8192 5
0.47799385 0.1384277342826392 4096 81
0.47823226 0.13854980628172922 2048 5
0.47847053 0.13867187366331685 32768 6
0.47942224 0.13916015597942832 8192 28
0.47989726 0.13940429724353745 4096 21
0.482028 0.1405029310636781 2048 6
0.48273578 0.14086913996672315 4096 12
0.48320696 0.14111328218322652 8192 8
0.48344234 0.1412353507811435 2048 10
0.48414767 0.14160156076697075 16384 5
0.4843825 0.1417236318262851 2048 8
0.4855547 0.14233398283319265 4096 5
0.48578873 0.14245605458024646 2048 70
0.48858678 0.14392089995590512 2048 5
0.4888191 0.144042968703008 8192 159
0.48928332 0.14428710936112563 4096 538
0.48951524 0.14440918108100628 2048 6
0.49182728 0.14562988442148667 2048 5
0.49205777 0.14575195439651645 4096 6
0.49251837 0.14599609347892437 8192 28
0.49274847 0.1461181623951649 2048 5
0.49297845 0.14624023604173847 4096 5
0.49732393 0.148559571197222 2048 9
0.49755138 0.14868164076666193 4096 53
0.498233 0.149047850023233 2048 5
0.5045415 0.15246582197966568 2048 5
0.50788236 0.1542968746092507 32768 20
0.5094324 0.1551513665453189 2048 12
0.5125154 0.15686035213867033 2048 13
0.51317316 0.1572265635188084 16384 8
0.51535827 0.1584472665482558 4096 9
0.51839864 0.16015625023452804 65536 32
0.5209875 0.16162109469886618 8192 8
0.5220616 0.16223144488827193 2048 18
0.5242017 0.16345215001343033 2048 5
0.5280272 0.1656494156885502 2048 5
0.5313993 0.16760254043636486 2048 6
0.53223825 0.16809082138570208 2048 7
0.53557783 0.17004394523770727 2048 100
0.5366162 0.1706542954893547 4096 6
0.5374451 0.17114257862656307 4096 15
0.53951055 0.1723632809406946 8192 25
0.540334 0.17285156222723091 16384 28
0.5411559 0.1733398432484491 8192 15
0.5460551 0.17626953218039798 8192 9
0.55049855 0.1789550763493529 4096 5
0.5517027 0.1796874987843661 131072 7
0.55469877 0.18151855629975497 2048 5
0.5548978 0.1816406258864814 32768 9
0.5572791 0.18310546762255217 8192 7
0.55767477 0.1833496105155951 4096 7
0.55807006 0.183593749358598 65536 12
0.5592539 0.18432617359636186 4096 5
0.55945086 0.18444824249392497 2048 25
0.5649318 0.18786621223365874 2048 6
0.56706685 0.1892089862183453 4096 5
0.5722649 0.19250488335124158 2048 14
0.57302994 0.19299316482229908 2048 10
0.57360286 0.19335937402030132 32768 8
0.57493687 0.1942138660116452 2048 7
0.5751271 0.19433593922680115 16384 5
0.580046 0.19750976704800358 4096 6
0.58061016 0.1978759748534111 2048 5
0.5813613 0.19836425767370797 2048 54
0.5828599 0.1993408196387067 2048 12
0.58304685 0.1994628909705237 4096 22
0.5841671 0.2001953122027348 16384 26
0.5863995 0.20166015777526453 8192 5
0.5871412 0.20214843893768444 16384 6
0.5886211 0.20312500076158796 262144 10
0.5891748 0.20349121212893856 2048 7
0.59649515 0.2083740230798515 2048 21
0.6004727 0.21105956969809908 2048 13
0.6035232 0.2131347674746403 4096 5
0.60405946 0.2135009763492163 2048 35
0.607619 0.21594238361946977 2048 10
0.61657596 0.22216796770153285 8192 8
0.61987007 0.22448730485722343 2048 44
0.6212503 0.22546386680568276 2048 20
0.6233131 0.22692871144685625 2048 15
0.62468344 0.22790527441318426 2048 8
0.632151 0.23327636593302206 2048 6
0.6323194 0.23339843933878954 16384 5
0.6336643 0.23437499984665044 262144 49
0.6418215 0.24035644712790988 2048 5
0.643305 0.24145507732012375 4096 10
0.64445573 0.2423095690165761 2048 6
0.64658564 0.24389648546890874 4096 7
0.65000683 0.24645995916160301 2048 5
0.6517894 0.24780273604848263 4096 5
0.65211284 0.24804687634440584 32768 6
0.6532431 0.2489013669487348 2048 32
0.6545317 0.2498779307396935 2048 8
0.6564583 0.2513427701628667 2048 5
0.65661854 0.25146484426394383 8192 29
0.6567787 0.2515869124486951 2048 10
0.65725887 0.25195312660854907 32768 10
0.65789837 0.25244140307516677 8192 5
0.6586966 0.2530517572092107 2048 25
0.65933424 0.2535400357784651 2048 5
0.65965277 0.2537841819237234 2048 7
0.6606071 0.2545165990987842 2048 7
0.6612423 0.25500487984644327 2048 6
0.66409075 0.2572021486846175 2048 61
0.6642485 0.257324221437907 8192 6
0.66440624 0.25744628667108493 2048 7
0.6651941 0.25805663735395584 4096 5
0.6666091 0.2591552697624392 2048 5
0.6673935 0.25976562535514996 32768 42
0.66786355 0.26013183370364995 2048 7
0.668646 0.2607421854852463 16384 8
0.6688023 0.26086425858229306 2048 20
0.6708303 0.26245117249922645 4096 24
0.6733151 0.26440430030702117 4096 5
0.67424375 0.2651367201178766 8192 11
0.6745529 0.2653808620984572 4096 6
0.6757877 0.26635741841542543 4096 5
0.6759418 0.2664794908936386 2048 12
0.6765579 0.2669677756210771 2048 7
0.6767118 0.2670898453620268 8192 10
0.6777878 0.26794433312656185 2048 6
0.6782482 0.2683105505494612 4096 5
0.67855495 0.268554690958585 16384 5
0.68069685 0.27026367554360503 4096 5
0.682069 0.2713623015845546 2048 5
0.6825256 0.27172851710970447 4096 11
0.6829817 0.2720947268564598 2048 51
0.68434775 0.27319336188208165 4096 6
0.6849537 0.2736816413558789 4096 21
0.6855589 0.2741699248888398 4096 5
0.68992543 0.27770996218749044 2048 12
0.69007534 0.27783203219161084 8192 16
0.6908242 0.27844238404356897 2048 13
0.6914225 0.2789306661600412 2048 8
0.6921694 0.2795410168644994 4096 13
0.6923187 0.27966308648612037 2048 28
0.694255 0.2812499966956044 524288 5
0.69440365 0.28137207373822926 2048 5
0.69455224 0.28149413713137666 4096 5
0.6952946 0.28210449324857323 2048 15
0.69588774 0.28259277463435567 2048 13
0.6960359 0.2827148470088679 8192 5
0.69677615 0.2833251952274962 2048 176
0.7000206 0.2860107411959573 2048 16
0.70192826 0.2875976571567701 8192 17
0.7020747 0.2877197255406783 2048 15
0.7023675 0.2879638664864603 2048 22
0.7025138 0.2880859390018823 16384 10
0.70514065 0.2902831994066123 4096 5
0.7052862 0.290405276497727 2048 5
0.7060133 0.2910156246215794 32768 40
0.7065943 0.291503906884467 8192 24
0.7067394 0.29162597499005016 2048 10
0.7074645 0.29223632462949783 4096 5
0.7076094 0.29235839621708615 2048 7
0.7078991 0.29260254086612214 2048 9
0.7086226 0.29321289322902405 4096 6
0.7099223 0.2943115264298571 2048 5
0.710643 0.2949218780278463 32768 5
0.7120814 0.29614257888007745 4096 20
0.7130859 0.2969970710147524 2048 22
0.7138022 0.29760741867259616 4096 5
0.71423155 0.29797363160472967 2048 13
0.71523196 0.29882812441360035 32768 26
0.71594536 0.2994384768282309 2048 57
0.71623045 0.29968261544806374 2048 9
0.71878934 0.30187988572338553 2048 6
0.71963954 0.30261230773519127 2048 5
0.7197811 0.30273437318777946 32768 9
0.720347 0.3032226545013686 8192 9
0.72048837 0.30334472960326386 2048 5
0.7211947 0.30395508118958364 4096 5
0.7213358 0.3040771465596473 2048 8
0.722041 0.3046874990204346 131072 16
0.7223228 0.30493164124403394 4096 25
0.72246367 0.3050537095825159 2048 11
0.72330797 0.3057861310717687 2048 9
0.7237296 0.3061523408276506 8192 6
0.7240105 0.30639648757757726 4096 5
0.7252728 0.30749511816696246 2048 16
0.7261126 0.3082275389859445 2048 195
0.72667176 0.3087158227989848 2048 6
0.7272303 0.309204100695012 2048 18
0.7279277 0.3098144539610027 4096 18
0.7290416 0.3107910150216011 4096 25
0.7300143 0.31164551048371236 2048 6
0.73015314 0.3117675816636521 4096 5
0.7312624 0.3127441432088902 4096 6
0.7320928 0.31347655953178033 16384 6
0.7322311 0.3135986347307333 2048 8
0.7325075 0.3138427748928317 2048 11
0.7336119 0.3148193363594143 2048 36
0.7338876 0.31506347611174707 2048 34
0.735539 0.3165283180362164 2048 7
0.7356764 0.31665038969315595 4096 16
0.7362256 0.3171386720490021 4096 86
0.7363628 0.3172607414676302 2048 21
0.7434498 0.32360839548341686 2048 6
0.74372053 0.32385254125701113 2048 7
0.74385583 0.3239746063991901 4096 6
0.74453187 0.32458496143219795 2048 31
0.74642026 0.3262939475928139 2048 7
0.74803364 0.32775878915534 2048 161
0.7481679 0.32788085801850897 4096 11
0.75097907 0.3304443351019825 2048 18
0.7515129 0.3309326198113426 2048 6
0.7531112 0.33239746000532194 2048 16
0.75324416 0.33251952868068124 8192 6
0.7539086 0.333129882049656 2048 20
0.7541741 0.3333740240741671 2048 24
0.75866854 0.33752441372888764 2048 45
0.7601147 0.33886718702747554 16384 32
0.7605085 0.33923339489353727 2048 5
0.76063967 0.3393554673178066 8192 11
0.7615571 0.3402099609356905 2048 6020
0.76181895 0.3404541030975372 2048 10
0.76573163 0.3441162111553072 2048 69
0.76819533 0.3464355474789887 4096 25
0.7698747 0.3480224632542083 2048 7
0.7701326 0.3482666036516768 2048 8
0.7703904 0.3485107452757689 2048 5
0.77257675 0.35058593749569283 16384 3460
0.77321815 0.3511962897114134 2048 23
0.7776873 0.3554687491146197 65536 17
0.7790845 0.35681152284921575 2048 26
0.78035164 0.35803222504046534 2048 10
0.7806047 0.35827636552278586 2048 9
0.78325516 0.3608398414150214 8192 7
0.78350693 0.36108398455650187 4096 83
0.7837586 0.3613281221212266 32768 6
0.7856424 0.3631591804448872 2048 20
0.7858931 0.3634033234530928 2048 5
0.78614366 0.36364745968693996 2048 12
0.7867696 0.364257813383329 16384 17
0.78689474 0.3643798845903662 2048 9
0.7876448 0.36511230218674245 2048 6
0.7878946 0.3653564456625084 2048 43
0.79100776 0.36840819974599226 4096 5
0.79125607 0.3686523446950302 8192 16
0.7927436 0.37011718773451024 16384 64
0.7931149 0.3704834009881646 2048 6
0.7950909 0.3724365268370281 2048 5
0.79546064 0.37280273269754066 4096 9
0.79583013 0.3731689421526934 2048 5
0.7961994 0.373535154816918 8192 11
0.7965684 0.3739013703046416 2048 5
0.79681426 0.37414550876377567 2048 16
0.7992671 0.37658691428786434 2048 67
0.7997564 0.3770751929209156 2048 7
0.8002453 0.3775634765305273 2048 467
0.80146563 0.37878417905909867 2048 24
0.8015875 0.3789062505426722 65536 28
0.8025617 0.3798828098849419 16384 6
0.8047475 0.382080076974071 4096 13
0.8049899 0.38232421896968866 8192 68
0.8062001 0.3835449242595533 4096 7
0.80632097 0.3836669930253131 2048 18
0.80825156 0.3856201138478525 2048 5
0.8086128 0.38598632750825684 4096 25
0.81017566 0.3875732458155065 2048 5
0.81245214 0.38989258166739044 4096 5
0.8161471 0.39367675859991214 2048 19
0.8165034 0.3940429685042416 8192 61
0.81768954 0.39526367081307034 4096 15
0.8180449 0.3956298809448636 2048 8
0.818755 0.39636230294574665 2048 9
0.8191097 0.39672851412013693 4096 10
0.8195823 0.39721679736766463 4096 31
0.81981844 0.39746093508006547 16384 7
0.8207621 0.3984374985426507 131072 11
0.8209978 0.398681642058165 4096 11
0.82146883 0.39916991920250317 4096 6
0.82334924 0.4011230458137181 4096 15
0.8238184 0.4016113279479074 4096 85
0.82417 0.4019775355569254 2048 5
0.8269752 0.40490722663925166 2048 195
0.8273249 0.4052734367794529 16384 21
0.8281401 0.4061279311474593 2048 11
0.8288379 0.4068603532739918 2048 9
0.8303469 0.40844726455832525 4096 14
0.8316207 0.4097900414437589 2048 7
0.8333532 0.41162109021290033 8192 5
0.8343903 0.4127197293359332 2048 6
0.8354255 0.4138183589310163 4096 34
0.8369176 0.41540527307084424 2048 41
0.8370322 0.4155273451098626 8192 11
0.83817714 0.41674804525707754 4096 10
0.8389773 0.41760253584939694 2048 5
0.84023243 0.41894531261061685 16384 135
0.8414849 0.420288086039116 2048 147
0.84159863 0.4204101530111869 8192 5
0.841826 0.42065429384877934 4096 5
0.8419397 0.4207763676941041 2048 30
0.843642 0.422607421197837 4096 23
0.8459041 0.4250488284131016 4096 52
0.84691924 0.42614746200643544 2048 14
0.84748244 0.42675781262065154 16384 124
0.8480451 0.42736816356091467 2048 30
0.84860724 0.42797851344097565 4096 7
0.84950554 0.42895507536538335 4096 6
0.8499542 0.42944336129888855 4096 8
0.852304 0.43200683452112787 2048 11
0.8535311 0.4333496109193673 4096 10
0.8539767 0.43383789322433036 4096 6
0.85453326 0.4344482385273449 2048 5
0.8552004 0.43518066179776865 2048 7
0.85564476 0.43566894236417536 2048 6
0.85619974 0.43627929824826417 4096 11
0.85885644 0.43920898480336223 4096 35
0.85951877 0.43994140560524514 8192 24
0.8607311 0.4412841763501747 2048 5
0.8624902 0.4432373021499928 2048 6
0.86358696 0.44445800586844525 2048 8
0.8640251 0.44494628960377913 2048 28
0.8650098 0.44604492076200436 4096 14
0.8665383 0.4477539062403278 8192 1541
0.86751884 0.4488525404827512 2048 11
0.8692581 0.45080566373175823 2048 46
0.86936665 0.4509277373339527 4096 6
0.8712088 0.4530029319669835 2048 7
0.87131697 0.4531249983335088 262144 9
0.8717495 0.45361328115430916 8192 156
0.8739076 0.45605468866395327 16384 13
0.87487626 0.45715332213700344 2048 9
0.8749838 0.4572753885394849 4096 8
0.8754137 0.4577636682836182 4096 5
0.87584335 0.458251956661673 4096 5
0.87605804 0.458496095427433 8192 9
0.8768089 0.4593505851929432 2048 21
0.8771304 0.4597167996995117 4096 6
0.8774517 0.4600830049547914 2048 6
0.87990963 0.4628906286114935 32768 5
0.8805492 0.46362304930543785 4096 7
0.8809752 0.4641113258962717 4096 7
0.88108164 0.4642333973209771 2048 14
0.8812945 0.4644775360025214 2048 5
0.88257 0.46594238419218004 2048 11
0.8828885 0.4663085969241472 8192 5
0.88363093 0.46716308434755127 2048 10
0.8840548 0.46765137001944646 2048 6
0.88447833 0.46813965212515946 2048 5
0.8849016 0.4686279300657787 2048 40
0.8856416 0.4694824240077181 4096 7
0.8865917 0.4705810571760661 2048 6
0.88743496 0.4715576148486409 2048 7
0.8876456 0.47180175789742473 2048 176
0.8888028 0.4731445280902297 8192 5
0.8892231 0.4736328156305119 16384 5
0.8895381 0.47399902640787783 2048 6
0.8896431 0.4741210923874902 8192 11
0.8902725 0.47485351201690434 4096 5
0.89037734 0.47497558583535515 2048 146
0.890587 0.4752197268040764 2048 62
0.89069176 0.4753417939341472 4096 6
0.8913201 0.47607421863074423 8192 125
0.89173865 0.47656250214395923 131072 7
0.89340997 0.4785156268977645 32768 8
0.89372283 0.47888183767499115 2048 9
0.8938271 0.47900390291002093 8192 5
0.8943481 0.47961426080714903 2048 5
0.89518076 0.4805908202882068 2048 614
0.89622 0.4818115257590642 2048 7
0.89653146 0.48217773344740383 4096 17
0.89943063 0.48559570207677316 4096 15
0.9029328 0.4897460938360098 8192 174
0.9049837 0.49218750010807444 131072 138
0.9064153 0.4938964877204186 4096 5
0.9068237 0.49438476226456274 4096 5
0.90876 0.4967040995397401 2048 8
0.90886176 0.49682617095141796 4096 17
0.9106903 0.49902343474796274 16384 6
0.91129863 0.49975585709217296 4096 7
0.91190636 0.5004882770508506 8192 8
0.913019 0.5018310569546031 2048 14
0.9135241 0.5024414119631242 8192 6
0.91382694 0.5028076173011087 2048 263
0.91402876 0.5030517568693386 2048 32
0.9142305 0.5032959033155388 2048 7
0.9143314 0.5034179700813327 8192 23
0.9157416 0.5051269529885409 4096 219
0.91584224 0.5052490263286311 2048 11
0.9160434 0.5054931596607836 2048 7
0.9162445 0.5057372992520442 2048 6
0.91644555 0.5059814450451842 2048 112
0.91654605 0.5061035111988648 4096 7
0.9187529 0.5087890675311569 16384 6
0.9193534 0.509521484201334 4096 172
0.9196535 0.5098877012911845 2048 5
0.9200533 0.5103759724020258 2048 8
0.9204529 0.5108642636911981 2048 6
0.9207524 0.5112304677894122 8192 32
0.921351 0.5119628901718805 4096 66
0.92145073 0.5120849677262004 2048 5
0.9216501 0.5123291080522977 2048 5
0.9217498 0.5124511708039643 4096 28
0.9223474 0.5131835890799485 8192 7
0.92264605 0.5135498038743233 2048 37
0.9238391 0.5150146472139843 2048 25
0.924137 0.5153808530450582 4096 5
0.9246332 0.5159912150660758 2048 8
0.92483157 0.5162353480044964 2048 9
0.9254263 0.5169677681964223 2048 6
0.92562443 0.5172119151950776 2048 27
0.9269107 0.5187988306986077 4096 12
0.92710835 0.5190429647358026 8192 8
0.92770094 0.5197753841341413 4096 5
0.92789835 0.5200195295049461 8192 18
0.9280957 0.5202636775659824 4096 6
0.92819434 0.5203857433672479 2048 26
0.9287859 0.5211181699941249 2048 6
0.9290815 0.5214843823548276 32768 5
0.92967224 0.522216804161082 4096 5
0.9299674 0.5225830132027638 2048 6
0.93006575 0.5227050715976139 4096 5
0.9301641 0.5228271489968986 2048 54
0.93036073 0.5230712867995913 2048 14
0.9305573 0.5233154265535691 2048 10
0.9307538 0.523559568201559 2048 15
0.9309503 0.5238037116862875 2048 40
0.9311467 0.5240478569504801 2048 6
0.93124485 0.52416992096714 4096 33
0.93232375 0.5255126884517419 2048 5
0.9330094 0.5263671939814456 16384 5
0.9338898 0.5274658221310282 2048 17
0.93398756 0.5275878952215236 4096 7
0.9344761 0.5281982452070197 2048 10
0.9353545 0.5292968823847689 32768 5
0.935452 0.5294189393624154 2048 6
0.9355495 0.5295410151030172 4096 58
0.9364264 0.5306396446108204 2048 8
0.9373993 0.5318603537925158 2048 14
0.9376909 0.5322265643717276 16384 16
0.9378852 0.5324706982585331 4096 7
0.93837076 0.5330810597477545 2048 6
0.9393407 0.5343017553168126 2048 12
0.9394376 0.5344238296579951 4096 20
0.939922 0.5350341797223297 2048 856
0.9405027 0.5357665962923025 2048 6
0.94059944 0.5358886679843937 4096 8
0.9412762 0.5367431619571639 2048 15
0.9413728 0.5368652313142354 4096 10
0.9419522 0.5375976592448757 8192 10
0.94243467 0.5382080089947772 2048 26
0.9425311 0.5383300739958923 4096 8
0.94407225 0.5402832046446061 4096 20
0.94416845 0.5404052806351072 2048 5
0.9443608 0.5406494121148672 2048 16
0.94522566 0.5417480423553407 4096 7
0.9453217 0.5418701115554774 2048 6
0.9458975 0.5426025326169459 2048 5
0.94628114 0.543090825638773 2048 6
0.9466645 0.5435791077699553 2048 5
0.94704765 0.5440673785523451 2048 7
0.94762194 0.5447998004702231 2048 8
0.9477176 0.5449218712744256 32768 8
0.9482913 0.5456542983924944 4096 20
0.94943714 0.5471191380112236 4096 12
0.949914 0.5477294975380114 2048 6
0.9501999 0.5480957019814532 4096 27
0.9504857 0.5484619168320554 2048 11
0.9508666 0.5489502022125866 2048 5
0.9512472 0.5494384713867556 2048 6
0.95134234 0.549560545656038 4096 25
0.95200783 0.5504150358563842 2048 10
0.95219785 0.5506591853062331 2048 6
0.95248276 0.5510253915787181 4096 32
0.95276755 0.5513916068483629 2048 6
0.95295733 0.5516357382357566 2048 8
0.95362115 0.5524902281976314 4096 5
0.9538107 0.5527343765833964 32768 19
0.9540002 0.5529785200754108 4096 7
0.9540949 0.5531005803656909 2048 6
0.9541896 0.5532226586164257 8192 13
0.95437896 0.5534667921491934 4096 7
0.9546629 0.5538330117661225 2048 8
0.9551359 0.5544433519986107 4096 5
0.955514 0.5549316389486947 4096 18
0.9560808 0.5556640673622631 16384 7
0.9561752 0.5557861371607618 2048 7
0.9573071 0.557250979783565 2048 10
0.95740134 0.5573730502249119 4096 9
0.9585311 0.5588378939668192 4096 9
0.95862514 0.5589599639518348 2048 10
0.9599405 0.5606689502059213 2048 7
0.960222 0.5610351599162853 8192 9
0.9605034 0.5614013738793816 2048 5
0.9606909 0.5616455015543932 2048 5
0.96181494 0.5631103545662138 2048 10
0.9619085 0.5632324238553238 4096 16
0.9626567 0.5642089905393607 4096 5
0.9633106 0.5650634767136734 2048 198
0.9638706 0.565795900091162 2048 19
0.96396387 0.5659179671490797 8192 19
0.9643369 0.5664062548517694 65536 7
0.9646165 0.5667724596873512 2048 24
0.96489596 0.5671386661014733 4096 6
0.9650822 0.5673828131870063 16384 44
0.96526843 0.5676269521702538 4096 32
0.96591973 0.5684814424395528 2048 11
0.9661057 0.5687255834050625 2048 12
0.96675617 0.5695800788500391 4096 42
0.966849 0.5697021411016479 2048 5
0.9669419 0.5698242207908153 8192 15
0.96712756 0.570068354102159 4096 6
0.967406 0.5704345671707205 2048 10
0.9675915 0.5706787178869737 2048 5
0.96768427 0.5708007801394988 8192 27
0.96796244 0.5711669928406603 2048 46
0.9682405 0.5715332051063717 4096 16
0.96851844 0.5718994167687997 2048 12
0.96879625 0.5722656276601116 32768 12
0.96907395 0.5726318376124749 2048 18
0.96935153 0.5729980464580579 4096 72
0.96944404 0.5731201245387533 2048 5
0.969629 0.5733642540290291 2048 8
0.97009116 0.573974605441487 4096 8
0.97082996 0.5749511697164367 4096 14
0.9713835 0.5756835895853541 8192 8
0.9715679 0.575927736159878 4096 17
0.9717523 0.5761718728096378 32768 14
0.97202873 0.5765380886665289 2048 11
0.97230506 0.5769043016487735 4096 7
0.97258127 0.5772705115885449 2048 8
0.97285736 0.5776367183180184 8192 69
0.97304136 0.5778808630600892 4096 9
0.9732253 0.578124997464727 262144 12
0.9737768 0.5788574172708076 4096 7
0.9742361 0.579467777181086 2048 8
0.97460324 0.5799560567566892 2048 15
0.97552025 0.5811767645686916 2048 5
0.97634447 0.5822753943402427 4096 9
0.97689337 0.5830078136933023 16384 25
0.9769848 0.5831298769515132 2048 6
0.97707623 0.583251957245973 4096 8
0.97725904 0.583496089337648 8192 7
0.97771585 0.5841064387580941 2048 5
0.9779898 0.5844726613510892 8192 6
0.9788109 0.5855712899286972 2048 35
0.97899324 0.5858154301771861 2048 61
0.97926664 0.5861816479886389 4096 5
0.97953993 0.5865478586175276 2048 5
0.9798131 0.586914061896062 16384 50
0.98099554 0.5885009693891262 2048 5
0.9811773 0.5887451223359789 2048 6
0.9812681 0.5888671840791426 16384 9
0.98135895 0.5889892626921299 2048 7
0.98235726 0.5903320377061027 8192 5
0.98290116 0.5910644512005535 4096 16
0.98308235 0.5913085897186485 8192 8
0.98498195 0.5938720766283192 2048 5
0.98534316 0.5943603539903262 2048 13
0.9859748 0.595214837862042 8192 6
0.98615515 0.5954589881099108 4096 8
0.98633546 0.5957031243964842 32768 50
0.9866058 0.5960693328054891 2048 10
0.986786 0.59631347433369 2048 14
0.9870562 0.5966796903997442 16384 11
0.98732626 0.5970458946951511 2048 8
0.98741627 0.5971679691322106 8192 78
0.9890342 0.5993652376032345 4096 10
0.98912394 0.5994873037384781 2048 32
0.9893932 0.5998535204897106 4096 7
0.9896623 0.6002197241049102 2048 13
0.98984164 0.6004638614840719 2048 6
0.99055856 0.6014404231368455 2048 5
0.9907377 0.6016845663649679 2048 8
0.99100626 0.6020507831403259 8192 16
0.99118525 0.6022949288821077 4096 5
0.9912747 0.6024169858395109 2048 5
0.9913642 0.6025390592859508 16384 10
0.99332935 0.6052246071747133 4096 14
0.993686 0.6057128836114506 4096 5
0.9938643 0.605957038639636 8192 5
0.9939534 0.606079099927891 2048 19
0.9940425 0.6062011776067006 4096 6
0.9947549 0.6071777352251775 4096 36
0.9949329 0.6074218748482412 32768 197
0.99564433 0.6083984328996087 16384 7
0.9958221 0.6086425720831183 4096 5
0.9967988 0.6099853570967676 2048 6
0.99733096 0.6107177664827051 2048 5
0.9981284 0.6118164112873477 8192 6
0.998394 0.6121826174105828 2048 134
0.9984825 0.6123046911803619 16384 9
0.9995437 0.6137695249894514 8192 5